20
507
37
457 73 402 350 61 45 73 484 164 109 333 25 499 303 21 165 480 57 269 415 493 160 57 326 100 319 477 29 388 123 207 53 127 349 444 143 335 
784
54
490 557 428 306 612 289 601 680 532 698 629 442 167 300 218 12 41 586 34 515 3 756 113 282 139 64 360 299 597 544 169 353 152 589 480 261 38 206 380 294 744 388 153 252 586 330 429 295 649 665 227 645 337 472 
755
93
610 747 649 713 736 76 512 391 83 670 354 741 685 422 662 732 260 316 710 534 512 606 40 673 275 164 474 226 43 284 671 318 389 98 84 678 495 537 192 712 525 67 326 740 460 316 668 257 25 425 80 471 514 165 724 443 333 60 420 678 550 130 322 356 318 330 601 188 116 321 282 103 586 358 744 237 264 208 17 190 312 110 438 91 635 518 667 134 505 749 389 309 297 
836
77
605 593 697 22 270 156 649 589 725 581 686 633 291 142 459 140 85 333 25 115 405 360 701 274 190 169 561 207 707 572 75 80 150 815 150 391 271 234 645 621 35 599 135 813 175 298 708 449 144 99 610 754 108 393 236 304 155 758 429 833 714 580 243 225 712 47 677 778 773 32 30 536 571 364 803 149 683 
651
39
269 649 378 65 456 339 645 252 414 289 442 387 499 357 534 214 94 148 308 554 578 14 604 199 508 436 269 110 484 304 485 268 256 327 215 292 312 324 414 
568
56
483 9 471 355 427 431 252 132 124 549 325 536 113 534 158 334 549 446 195 500 88 206 70 216 414 381 307 71 60 190 328 183 254 125 64 247 208 463 323 472 248 544 99 534 368 75 517 250 514 74 316 147 249 358 138 217 
670
31
85 99 503 649 67 100 161 19 92 646 200 1 451 555 37 108 85 214 613 487 548 220 319 399 459 125 613 656 383 163 511 
108
38
17 93 101 59 66 106 107 73 89 61 32 27 31 61 108 4 106 60 54 69 5 34 94 25 60 100 89 92 37 26 16 79 56 42 58 98 66 1 
627
3
73 34 304 
286
44
71 215 112 99 34 213 199 252 21 240 101 158 46 156 39 137 57 279 98 263 166 18 19 51 145 49 285 221 187 245 190 84 285 30 60 246 141 254 87 167 242 191 127 236 
423
47
54 386 93 347 358 24 329 411 146 135 65 238 371 132 5 193 389 1 109 398 169 284 323 412 171 203 261 134 332 314 161 92 8 242 99 115 154 134 374 242 217 48 94 284 235 172 56 
444
5
266 313 353 250 197 
148
92
54 111 101 4 116 116 6 5 125 1 33 129 116 32 59 94 6 117 39 13 122 86 131 73 63 97 78 144 63 5 98 134 127 33 110 32 123 23 17 48 23 97 125 19 120 88 65 77 101 60 50 28 81 113 5 65 148 124 5 18 29 66 84 16 126 57 24 50 95 112 9 86 59 119 123 145 19 66 78 114 35 100 96 52 10 10 44 39 113 97 95 50 
232
40
73 185 90 81 1 23 229 34 1 39 61 102 52 163 23 226 104 137 156 217 30 78 13 228 179 217 69 69 171 101 230 188 205 177 33 54 19 207 136 55 
725
37
288 112 2 343 501 408 636 200 595 188 87 5 562 94 578 153 103 139 366 73 435 554 565 622 258 181 382 128 23 447 459 96 298 615 569 380 486 
404
12
262 266 248 297 170 65 343 204 250 23 334 136 
922
41
897 351 743 248 601 596 833 780 91 496 518 816 425 467 579 489 348 206 18 759 190 117 483 63 450 536 593 303 449 911 516 858 544 922 628 58 843 594 431 254 623 
462
88
40 395 341 397 382 303 74 208 436 405 251 41 193 154 259 428 461 133 72 186 292 50 169 354 381 167 214 221 286 32 177 429 19 136 167 229 112 6 304 110 193 269 460 425 228 78 268 365 336 393 163 335 110 57 225 102 89 378 199 235 386 351 171 388 331 6 443 440 359 335 284 372 134 424 444 419 389 319 364 122 126 234 360 409 220 242 271 123 
575
42
94 207 453 31 443 450 302 271 554 149 389 231 229 512 355 326 375 452 126 68 342 482 342 367 283 372 397 173 483 327 231 569 534 23 146 486 113 561 373 463 57 365 
927
39
501 470 82 597 196 337 165 409 860 299 826 76 633 13 750 522 261 282 682 96 798 239 510 278 438 291 132 490 279 135 171 466 310 452 447 729 761 837 326 
